[1, 1, 1, 0, [6, -6, [1, 2, 0, Mod(2*t - 2, t^2 + 3)], 2], [2, -3, [1, 0, 0, 0], 2]]
[1, 2, 0, 1, [6, -6, [1, Mod(t + 1, t^2 + 3), 0, Mod(2*t + 2, t^2 + 3)], 4], [2, -3, [1, 0, 0, 0], 2]]
[1, 3, 2, 0, [6, -6, [1, 2, 0, Mod(2*t + 2, t^2 + 3)], 4], [2, -3, [1, 0, 0, 0], 2]]
[1, 4, 0, 0, [6, -6, [1, Mod(t + 1, t^2 + 3), 0, 4], 2], [2, -3, [1, 0, 0, 0], 2]]
[1, 5, 1, 1, [6, -6, [1, 2, 0, Mod(2*t - 2, t^2 + 3)], 4], [2, -3, [1, 0, 0, 0], 2]]
[1, 6, 0, 0, [6, -6, [1, Mod(t + 1, t^2 + 3), 0, Mod(2*t + 2, t^2 + 3)], 2], [2, -3, [1, 0, 0, 0], 2]]
[1, 7, 3, 0, [6, -6, [1, 2, 0, Mod(2*t + 2, t^2 + 3)], 2], [2, -3, [1, 0, 0, 0], 2]]
[1, 8, 0, 2, [6, -6, [1, Mod(t + 1, t^2 + 3), 0, 4], 2], [2, -3, [1, 0, 0, 0], 2]]
[1, 9, 1, 0, [6, -6, [1, 2, 0, Mod(2*t - 2, t^2 + 3)], 2], [2, -3, [1, 0, 0, 0], 2]]
[1, 10, 0, 0, [6, -6, [1, Mod(t + 1, t^2 + 3), 0, Mod(2*t + 2, t^2 + 3)], 4], [2, -3, [1, 0, 0, 0], 2]]
[1, 11, 2, 1, [6, -6, [1, 2, 0, Mod(2*t + 2, t^2 + 3)], 4], [2, -3, [1, 0, 0, 0], 2]]
[1, 12, 0, 0, [6, -6, [1, Mod(t + 1, t^2 + 3), 0, 4], 2], [2, -3, [1, 0, 0, 0], 2]]
[1, 13, 1, 0, [6, -6, [1, 2, 0, Mod(2*t - 2, t^2 + 3)], 4], [2, -3, [1, 0, 0, 0], 2]]
[1, 14, 0, 1, [6, -6, [1, Mod(t + 1, t^2 + 3), 0, Mod(2*t + 2, t^2 + 3)], 2], [2, -3, [1, 0, 0, 0], 2]]
[1, 15, 4, 0, [6, -6, [1, 2, 0, Mod(2*t + 2, t^2 + 3)], 2], [2, -3, [1, 0, 0, 0], 2]]
[1, 16, 0, 0, [6, -6, [1, Mod(t + 1, t^2 + 3), 0, 4], 2], [2, -3, [1, 0, 0, 0], 2]]
[2, 1, 0, 1, [6, -6, [1, Mod(t + 1, t^2 + 3), 0, Mod(2*t + 2, t^2 + 3)], 4], [2, -3, [1, 0, 0, 0], 2]]
[2, 3, 0, 0, [6, -6, [1, Mod(t + 1, t^2 + 3), 0, Mod(2*t + 2, t^2 + 3)], 4], [2, -3, [1, 0, 0, 0], 2]]
[2, 5, 0, 0, [6, -6, [1, Mod(t + 1, t^2 + 3), 0, Mod(2*t + 2, t^2 + 3)], 4], [2, -3, [1, 0, 0, 0], 2]]
[2, 7, 0, 2, [6, -6, [1, Mod(t + 1, t^2 + 3), 0, Mod(2*t + 2, t^2 + 3)], 4], [2, -3, [1, 0, 0, 0], 2]]
[2, 9, 0, 0, [6, -6, [1, Mod(t + 1, t^2 + 3), 0, Mod(2*t + 2, t^2 + 3)], 4], [2, -3, [1, 0, 0, 0], 2]]
[2, 11, 0, 0, [6, -6, [1, Mod(t + 1, t^2 + 3), 0, Mod(2*t + 2, t^2 + 3)], 4], [2, -3, [1, 0, 0, 0], 2]]
[2, 13, 0, 1, [6, -6, [1, Mod(t + 1, t^2 + 3), 0, Mod(2*t + 2, t^2 + 3)], 4], [2, -3, [1, 0, 0, 0], 2]]
[2, 15, 0, 0, [6, -6, [1, Mod(t + 1, t^2 + 3), 0, Mod(2*t + 2, t^2 + 3)], 4], [2, -3, [1, 0, 0, 0], 2]]
[3, 1, 2, 0, [6, -6, [1, 2, 0, Mod(2*t + 2, t^2 + 3)], 4], [2, -3, [1, 0, 0, 0], 2]]
[3, 2, 0, 0, [6, -6, [1, Mod(t + 1, t^2 + 3), 0, Mod(2*t + 2, t^2 + 3)], 4], [2, -3, [1, 0, 0, 0], 2]]
[3, 4, 0, 0, [6, -6, [1, Mod(t + 1, t^2 + 3), 0, 4], 4], [2, -3, [1, 0, 0, 0], 2]]
[3, 5, 3, 0, [6, -6, [1, 2, 0, Mod(2*t + 2, t^2 + 3)], 2], [2, -3, [1, 0, 0, 0], 2]]
[3, 7, 1, 0, [6, -6, [1, 2, 0, Mod(2*t - 2, t^2 + 3)], 4], [2, -3, [1, 0, 0, 0], 2]]
[3, 8, 0, 0, [6, -6, [1, Mod(t + 1, t^2 + 3), 0, 4], 4], [2, -3, [1, 0, 0, 0], 2]]
[3, 10, 0, 0, [6, -6, [1, Mod(t + 1, t^2 + 3), 0, Mod(2*t + 2, t^2 + 3)], 4], [2, -3, [1, 0, 0, 0], 2]]
[3, 11, 1, 0, [6, -6, [1, 2, 0, Mod(2*t - 2, t^2 + 3)], 2], [2, -3, [1, 0, 0, 0], 2]]
[3, 13, 4, 0, [6, -6, [1, 2, 0, Mod(2*t + 2, t^2 + 3)], 2], [2, -3, [1, 0, 0, 0], 2]]
[3, 14, 0, 0, [6, -6, [1, Mod(t + 1, t^2 + 3), 0, Mod(2*t + 2, t^2 + 3)], 2], [2, -3, [1, 0, 0, 0], 2]]
[3, 16, 0, 0, [6, -6, [1, Mod(t + 1, t^2 + 3), 0, 4], 4], [2, -3, [1, 0, 0, 0], 2]]
[4, 1, 0, 0, [6, -6, [1, Mod(t + 1, t^2 + 3), 0, 4], 2], [2, -3, [1, 0, 0, 0], 2]]
[4, 3, 0, 0, [6, -6, [1, Mod(t + 1, t^2 + 3), 0, 4], 4], [2, -3, [1, 0, 0, 0], 2]]
[4, 5, 0, 2, [6, -6, [1, Mod(t + 1, t^2 + 3), 0, 4], 2], [2, -3, [1, 0, 0, 0], 2]]
[4, 7, 0, 0, [6, -6, [1, Mod(t + 1, t^2 + 3), 0, 4], 4], [2, -3, [1, 0, 0, 0], 2]]
[4, 9, 0, 0, [6, -6, [1, Mod(t + 1, t^2 + 3), 0, 4], 2], [2, -3, [1, 0, 0, 0], 2]]
[4, 11, 0, 1, [6, -6, [1, Mod(t + 1, t^2 + 3), 0, 4], 4], [2, -3, [1, 0, 0, 0], 2]]
[4, 13, 0, 0, [6, -6, [1, Mod(t + 1, t^2 + 3), 0, 4], 2], [2, -3, [1, 0, 0, 0], 2]]
[4, 15, 0, 0, [6, -6, [1, Mod(t + 1, t^2 + 3), 0, 4], 4], [2, -3, [1, 0, 0, 0], 2]]
[5, 1, 1, 1, [6, -6, [1, 2, 0, Mod(2*t - 2, t^2 + 3)], 4], [2, -3, [1, 0, 0, 0], 2]]
[5, 2, 0, 0, [6, -6, [1, Mod(t + 1, t^2 + 3), 0, Mod(2*t + 2, t^2 + 3)], 4], [2, -3, [1, 0, 0, 0], 2]]
[5, 3, 3, 0, [6, -6, [1, 2, 0, Mod(2*t + 2, t^2 + 3)], 2], [2, -3, [1, 0, 0, 0], 2]]
[5, 4, 0, 2, [6, -6, [1, Mod(t + 1, t^2 + 3), 0, 4], 2], [2, -3, [1, 0, 0, 0], 2]]
[5, 6, 0, 0, [6, -6, [1, Mod(t + 1, t^2 + 3), 0, Mod(2*t + 2, t^2 + 3)], 2], [2, -3, [1, 0, 0, 0], 2]]
[5, 7, 2, 1, [6, -6, [1, 2, 0, Mod(2*t + 2, t^2 + 3)], 4], [2, -3, [1, 0, 0, 0], 2]]
[5, 8, 0, 0, [6, -6, [1, Mod(t + 1, t^2 + 3), 0, 4], 2], [2, -3, [1, 0, 0, 0], 2]]
[5, 9, 1, 0, [6, -6, [1, 2, 0, Mod(2*t - 2, t^2 + 3)], 4], [2, -3, [1, 0, 0, 0], 2]]
[5, 11, 4, 0, [6, -6, [1, 2, 0, Mod(2*t + 2, t^2 + 3)], 2], [2, -3, [1, 0, 0, 0], 2]]
[5, 12, 0, 0, [6, -6, [1, Mod(t + 1, t^2 + 3), 0, 4], 2], [2, -3, [1, 0, 0, 0], 2]]
[5, 13, 1, 2, [6, -6, [1, 2, 0, Mod(2*t - 2, t^2 + 3)], 2], [2, -3, [1, 0, 0, 0], 2]]
[5, 14, 0, 0, [6, -6, [1, Mod(t + 1, t^2 + 3), 0, Mod(2*t + 2, t^2 + 3)], 2], [2, -3, [1, 0, 0, 0], 2]]
[5, 16, 0, 1, [6, -6, [1, Mod(t + 1, t^2 + 3), 0, 4], 2], [2, -3, [1, 0, 0, 0], 2]]
[6, 1, 0, 0, [6, -6, [1, Mod(t + 1, t^2 + 3), 0, Mod(2*t + 2, t^2 + 3)], 2], [2, -3, [1, 0, 0, 0], 2]]
[6, 5, 0, 0, [6, -6, [1, Mod(t + 1, t^2 + 3), 0, Mod(2*t + 2, t^2 + 3)], 2], [2, -3, [1, 0, 0, 0], 2]]
[6, 7, 0, 0, [6, -6, [1, Mod(t + 1, t^2 + 3), 0, Mod(2*t + 2, t^2 + 3)], 2], [2, -3, [1, 0, 0, 0], 2]]
[6, 11, 0, 0, [6, -6, [1, Mod(t + 1, t^2 + 3), 0, Mod(2*t + 2, t^2 + 3)], 2], [2, -3, [1, 0, 0, 0], 2]]
[6, 13, 0, 0, [6, -6, [1, Mod(t + 1, t^2 + 3), 0, Mod(2*t + 2, t^2 + 3)], 2], [2, -3, [1, 0, 0, 0], 2]]
[7, 1, 3, 0, [6, -6, [1, 2, 0, Mod(2*t + 2, t^2 + 3)], 2], [2, -3, [1, 0, 0, 0], 2]]
[7, 2, 0, 2, [6, -6, [1, Mod(t + 1, t^2 + 3), 0, Mod(2*t + 2, t^2 + 3)], 4], [2, -3, [1, 0, 0, 0], 2]]
[7, 3, 1, 0, [6, -6, [1, 2, 0, Mod(2*t - 2, t^2 + 3)], 4], [2, -3, [1, 0, 0, 0], 2]]
[7, 4, 0, 0, [6, -6, [1, Mod(t + 1, t^2 + 3), 0, 4], 4], [2, -3, [1, 0, 0, 0], 2]]
[7, 5, 2, 1, [6, -6, [1, 2, 0, Mod(2*t + 2, t^2 + 3)], 4], [2, -3, [1, 0, 0, 0], 2]]
[7, 6, 0, 0, [6, -6, [1, Mod(t + 1, t^2 + 3), 0, Mod(2*t + 2, t^2 + 3)], 2], [2, -3, [1, 0, 0, 0], 2]]
[7, 8, 0, 1, [6, -6, [1, Mod(t + 1, t^2 + 3), 0, 4], 4], [2, -3, [1, 0, 0, 0], 2]]
[7, 9, 4, 0, [6, -6, [1, 2, 0, Mod(2*t + 2, t^2 + 3)], 2], [2, -3, [1, 0, 0, 0], 2]]
[7, 10, 0, 0, [6, -6, [1, Mod(t + 1, t^2 + 3), 0, Mod(2*t + 2, t^2 + 3)], 4], [2, -3, [1, 0, 0, 0], 2]]
[7, 11, 1, 2, [6, -6, [1, 2, 0, Mod(2*t - 2, t^2 + 3)], 4], [2, -3, [1, 0, 0, 0], 2]]
[7, 12, 0, 0, [6, -6, [1, Mod(t + 1, t^2 + 3), 0, 4], 4], [2, -3, [1, 0, 0, 0], 2]]
[7, 13, 2, 0, [6, -6, [1, 2, 0, Mod(2*t + 2, t^2 + 3)], 4], [2, -3, [1, 0, 0, 0], 2]]
[7, 15, 1, 0, [6, -6, [1, 2, 0, Mod(2*t - 2, t^2 + 3)], 2], [2, -3, [1, 0, 0, 0], 2]]
[7, 16, 0, 0, [6, -6, [1, Mod(t + 1, t^2 + 3), 0, 4], 4], [2, -3, [1, 0, 0, 0], 2]]
[8, 1, 0, 2, [6, -6, [1, Mod(t + 1, t^2 + 3), 0, 4], 2], [2, -3, [1, 0, 0, 0], 2]]
[8, 3, 0, 0, [6, -6, [1, Mod(t + 1, t^2 + 3), 0, 4], 4], [2, -3, [1, 0, 0, 0], 2]]
[8, 5, 0, 0, [6, -6, [1, Mod(t + 1, t^2 + 3), 0, 4], 2], [2, -3, [1, 0, 0, 0], 2]]
[8, 7, 0, 1, [6, -6, [1, Mod(t + 1, t^2 + 3), 0, 4], 4], [2, -3, [1, 0, 0, 0], 2]]
[8, 9, 0, 0, [6, -6, [1, Mod(t + 1, t^2 + 3), 0, 4], 2], [2, -3, [1, 0, 0, 0], 2]]
[8, 11, 0, 0, [6, -6, [1, Mod(t + 1, t^2 + 3), 0, 4], 4], [2, -3, [1, 0, 0, 0], 2]]
[8, 13, 0, 1, [6, -6, [1, Mod(t + 1, t^2 + 3), 0, 4], 2], [2, -3, [1, 0, 0, 0], 2]]
[8, 15, 0, 0, [6, -6, [1, Mod(t + 1, t^2 + 3), 0, 4], 4], [2, -3, [1, 0, 0, 0], 2]]
[9, 1, 1, 0, [6, -6, [1, 2, 0, Mod(2*t - 2, t^2 + 3)], 2], [2, -3, [1, 0, 0, 0], 2]]
[9, 2, 0, 0, [6, -6, [1, Mod(t + 1, t^2 + 3), 0, Mod(2*t + 2, t^2 + 3)], 4], [2, -3, [1, 0, 0, 0], 2]]
[9, 4, 0, 0, [6, -6, [1, Mod(t + 1, t^2 + 3), 0, 4], 2], [2, -3, [1, 0, 0, 0], 2]]
[9, 5, 1, 0, [6, -6, [1, 2, 0, Mod(2*t - 2, t^2 + 3)], 4], [2, -3, [1, 0, 0, 0], 2]]
[9, 7, 4, 0, [6, -6, [1, 2, 0, Mod(2*t + 2, t^2 + 3)], 2], [2, -3, [1, 0, 0, 0], 2]]
[9, 8, 0, 0, [6, -6, [1, Mod(t + 1, t^2 + 3), 0, 4], 2], [2, -3, [1, 0, 0, 0], 2]]
[9, 10, 0, 0, [6, -6, [1, Mod(t + 1, t^2 + 3), 0, Mod(2*t + 2, t^2 + 3)], 4], [2, -3, [1, 0, 0, 0], 2]]
[9, 11, 2, 0, [6, -6, [1, 2, 0, Mod(2*t + 2, t^2 + 3)], 4], [2, -3, [1, 0, 0, 0], 2]]
[9, 13, 1, 0, [6, -6, [1, 2, 0, Mod(2*t - 2, t^2 + 3)], 4], [2, -3, [1, 0, 0, 0], 2]]
[9, 14, 0, 0, [6, -6, [1, Mod(t + 1, t^2 + 3), 0, Mod(2*t + 2, t^2 + 3)], 2], [2, -3, [1, 0, 0, 0], 2]]
[9, 16, 0, 0, [6, -6, [1, Mod(t + 1, t^2 + 3), 0, 4], 2], [2, -3, [1, 0, 0, 0], 2]]
[10, 1, 0, 0, [6, -6, [1, Mod(t + 1, t^2 + 3), 0, Mod(2*t + 2, t^2 + 3)], 4], [2, -3, [1, 0, 0, 0], 2]]
[10, 3, 0, 0, [6, -6, [1, Mod(t + 1, t^2 + 3), 0, Mod(2*t + 2, t^2 + 3)], 4], [2, -3, [1, 0, 0, 0], 2]]
[10, 7, 0, 0, [6, -6, [1, Mod(t + 1, t^2 + 3), 0, Mod(2*t + 2, t^2 + 3)], 4], [2, -3, [1, 0, 0, 0], 2]]
[10, 9, 0, 0, [6, -6, [1, Mod(t + 1, t^2 + 3), 0, Mod(2*t + 2, t^2 + 3)], 4], [2, -3, [1, 0, 0, 0], 2]]
[10, 11, 0, 1, [6, -6, [1, Mod(t + 1, t^2 + 3), 0, Mod(2*t + 2, t^2 + 3)], 4], [2, -3, [1, 0, 0, 0], 2]]
[10, 13, 0, 0, [6, -6, [1, Mod(t + 1, t^2 + 3), 0, Mod(2*t + 2, t^2 + 3)], 4], [2, -3, [1, 0, 0, 0], 2]]
[11, 1, 2, 1, [6, -6, [1, 2, 0, Mod(2*t + 2, t^2 + 3)], 4], [2, -3, [1, 0, 0, 0], 2]]
[11, 2, 0, 0, [6, -6, [1, Mod(t + 1, t^2 + 3), 0, Mod(2*t + 2, t^2 + 3)], 4], [2, -3, [1, 0, 0, 0], 2]]
[11, 3, 1, 0, [6, -6, [1, 2, 0, Mod(2*t - 2, t^2 + 3)], 2], [2, -3, [1, 0, 0, 0], 2]]
[11, 4, 0, 1, [6, -6, [1, Mod(t + 1, t^2 + 3), 0, 4], 4], [2, -3, [1, 0, 0, 0], 2]]
[11, 5, 4, 0, [6, -6, [1, 2, 0, Mod(2*t + 2, t^2 + 3)], 2], [2, -3, [1, 0, 0, 0], 2]]
[11, 6, 0, 0, [6, -6, [1, Mod(t + 1, t^2 + 3), 0, Mod(2*t + 2, t^2 + 3)], 2], [2, -3, [1, 0, 0, 0], 2]]
[11, 7, 1, 2, [6, -6, [1, 2, 0, Mod(2*t - 2, t^2 + 3)], 4], [2, -3, [1, 0, 0, 0], 2]]
[11, 8, 0, 0, [6, -6, [1, Mod(t + 1, t^2 + 3), 0, 4], 4], [2, -3, [1, 0, 0, 0], 2]]
[11, 9, 2, 0, [6, -6, [1, 2, 0, Mod(2*t + 2, t^2 + 3)], 4], [2, -3, [1, 0, 0, 0], 2]]
[11, 10, 0, 1, [6, -6, [1, Mod(t + 1, t^2 + 3), 0, Mod(2*t + 2, t^2 + 3)], 4], [2, -3, [1, 0, 0, 0], 2]]
[11, 12, 0, 0, [6, -6, [1, Mod(t + 1, t^2 + 3), 0, 4], 4], [2, -3, [1, 0, 0, 0], 2]]
[11, 13, 3, 1, [6, -6, [1, 2, 0, Mod(2*t + 2, t^2 + 3)], 2], [2, -3, [1, 0, 0, 0], 2]]
[11, 14, 0, 0, [6, -6, [1, Mod(t + 1, t^2 + 3), 0, Mod(2*t + 2, t^2 + 3)], 2], [2, -3, [1, 0, 0, 0], 2]]
[11, 15, 1, 0, [6, -6, [1, 2, 0, Mod(2*t - 2, t^2 + 3)], 4], [2, -3, [1, 0, 0, 0], 2]]
[11, 16, 0, 3, [6, -6, [1, Mod(t + 1, t^2 + 3), 0, 4], 4], [2, -3, [1, 0, 0, 0], 2]]
[12, 1, 0, 0, [6, -6, [1, Mod(t + 1, t^2 + 3), 0, 4], 2], [2, -3, [1, 0, 0, 0], 2]]
[12, 5, 0, 0, [6, -6, [1, Mod(t + 1, t^2 + 3), 0, 4], 2], [2, -3, [1, 0, 0, 0], 2]]
[12, 7, 0, 0, [6, -6, [1, Mod(t + 1, t^2 + 3), 0, 4], 4], [2, -3, [1, 0, 0, 0], 2]]
[12, 11, 0, 0, [6, -6, [1, Mod(t + 1, t^2 + 3), 0, 4], 4], [2, -3, [1, 0, 0, 0], 2]]
[12, 13, 0, 0, [6, -6, [1, Mod(t + 1, t^2 + 3), 0, 4], 2], [2, -3, [1, 0, 0, 0], 2]]
[13, 1, 1, 0, [6, -6, [1, 2, 0, Mod(2*t - 2, t^2 + 3)], 4], [2, -3, [1, 0, 0, 0], 2]]
[13, 2, 0, 1, [6, -6, [1, Mod(t + 1, t^2 + 3), 0, Mod(2*t + 2, t^2 + 3)], 4], [2, -3, [1, 0, 0, 0], 2]]
[13, 3, 4, 0, [6, -6, [1, 2, 0, Mod(2*t + 2, t^2 + 3)], 2], [2, -3, [1, 0, 0, 0], 2]]
[13, 4, 0, 0, [6, -6, [1, Mod(t + 1, t^2 + 3), 0, 4], 2], [2, -3, [1, 0, 0, 0], 2]]
[13, 5, 1, 2, [6, -6, [1, 2, 0, Mod(2*t - 2, t^2 + 3)], 2], [2, -3, [1, 0, 0, 0], 2]]
[13, 6, 0, 0, [6, -6, [1, Mod(t + 1, t^2 + 3), 0, Mod(2*t + 2, t^2 + 3)], 2], [2, -3, [1, 0, 0, 0], 2]]
[13, 7, 2, 0, [6, -6, [1, 2, 0, Mod(2*t + 2, t^2 + 3)], 4], [2, -3, [1, 0, 0, 0], 2]]
[13, 8, 0, 1, [6, -6, [1, Mod(t + 1, t^2 + 3), 0, 4], 2], [2, -3, [1, 0, 0, 0], 2]]
[13, 9, 1, 0, [6, -6, [1, 2, 0, Mod(2*t - 2, t^2 + 3)], 4], [2, -3, [1, 0, 0, 0], 2]]
[13, 10, 0, 0, [6, -6, [1, Mod(t + 1, t^2 + 3), 0, Mod(2*t + 2, t^2 + 3)], 4], [2, -3, [1, 0, 0, 0], 2]]
[13, 11, 3, 1, [6, -6, [1, 2, 0, Mod(2*t + 2, t^2 + 3)], 2], [2, -3, [1, 0, 0, 0], 2]]
[13, 12, 0, 0, [6, -6, [1, Mod(t + 1, t^2 + 3), 0, 4], 2], [2, -3, [1, 0, 0, 0], 2]]
[13, 14, 0, 3, [6, -6, [1, Mod(t + 1, t^2 + 3), 0, Mod(2*t + 2, t^2 + 3)], 2], [2, -3, [1, 0, 0, 0], 2]]
[13, 15, 2, 0, [6, -6, [1, 2, 0, Mod(2*t + 2, t^2 + 3)], 4], [2, -3, [1, 0, 0, 0], 2]]
[13, 16, 0, 0, [6, -6, [1, Mod(t + 1, t^2 + 3), 0, 4], 2], [2, -3, [1, 0, 0, 0], 2]]
[14, 1, 0, 1, [6, -6, [1, Mod(t + 1, t^2 + 3), 0, Mod(2*t + 2, t^2 + 3)], 2], [2, -3, [1, 0, 0, 0], 2]]
[14, 3, 0, 0, [6, -6, [1, Mod(t + 1, t^2 + 3), 0, Mod(2*t + 2, t^2 + 3)], 2], [2, -3, [1, 0, 0, 0], 2]]
[14, 5, 0, 0, [6, -6, [1, Mod(t + 1, t^2 + 3), 0, Mod(2*t + 2, t^2 + 3)], 2], [2, -3, [1, 0, 0, 0], 2]]
[14, 9, 0, 0, [6, -6, [1, Mod(t + 1, t^2 + 3), 0, Mod(2*t + 2, t^2 + 3)], 2], [2, -3, [1, 0, 0, 0], 2]]
[14, 11, 0, 0, [6, -6, [1, Mod(t + 1, t^2 + 3), 0, Mod(2*t + 2, t^2 + 3)], 2], [2, -3, [1, 0, 0, 0], 2]]
[14, 13, 0, 3, [6, -6, [1, Mod(t + 1, t^2 + 3), 0, Mod(2*t + 2, t^2 + 3)], 2], [2, -3, [1, 0, 0, 0], 2]]
[14, 15, 0, 0, [6, -6, [1, Mod(t + 1, t^2 + 3), 0, Mod(2*t + 2, t^2 + 3)], 2], [2, -3, [1, 0, 0, 0], 2]]
[15, 1, 4, 0, [6, -6, [1, 2, 0, Mod(2*t + 2, t^2 + 3)], 2], [2, -3, [1, 0, 0, 0], 2]]
[15, 2, 0, 0, [6, -6, [1, Mod(t + 1, t^2 + 3), 0, Mod(2*t + 2, t^2 + 3)], 4], [2, -3, [1, 0, 0, 0], 2]]
[15, 4, 0, 0, [6, -6, [1, Mod(t + 1, t^2 + 3), 0, 4], 4], [2, -3, [1, 0, 0, 0], 2]]
[15, 7, 1, 0, [6, -6, [1, 2, 0, Mod(2*t - 2, t^2 + 3)], 2], [2, -3, [1, 0, 0, 0], 2]]
[15, 8, 0, 0, [6, -6, [1, Mod(t + 1, t^2 + 3), 0, 4], 4], [2, -3, [1, 0, 0, 0], 2]]
[15, 11, 1, 0, [6, -6, [1, 2, 0, Mod(2*t - 2, t^2 + 3)], 4], [2, -3, [1, 0, 0, 0], 2]]
[15, 13, 2, 0, [6, -6, [1, 2, 0, Mod(2*t + 2, t^2 + 3)], 4], [2, -3, [1, 0, 0, 0], 2]]
[15, 14, 0, 0, [6, -6, [1, Mod(t + 1, t^2 + 3), 0, Mod(2*t + 2, t^2 + 3)], 2], [2, -3, [1, 0, 0, 0], 2]]
[15, 16, 0, 0, [6, -6, [1, Mod(t + 1, t^2 + 3), 0, 4], 4], [2, -3, [1, 0, 0, 0], 2]]
[16, 1, 0, 0, [6, -6, [1, Mod(t + 1, t^2 + 3), 0, 4], 2], [2, -3, [1, 0, 0, 0], 2]]
[16, 3, 0, 0, [6, -6, [1, Mod(t + 1, t^2 + 3), 0, 4], 4], [2, -3, [1, 0, 0, 0], 2]]
[16, 5, 0, 1, [6, -6, [1, Mod(t + 1, t^2 + 3), 0, 4], 2], [2, -3, [1, 0, 0, 0], 2]]
[16, 7, 0, 0, [6, -6, [1, Mod(t + 1, t^2 + 3), 0, 4], 4], [2, -3, [1, 0, 0, 0], 2]]
[16, 9, 0, 0, [6, -6, [1, Mod(t + 1, t^2 + 3), 0, 4], 2], [2, -3, [1, 0, 0, 0], 2]]
[16, 11, 0, 3, [6, -6, [1, Mod(t + 1, t^2 + 3), 0, 4], 4], [2, -3, [1, 0, 0, 0], 2]]
[16, 13, 0, 0, [6, -6, [1, Mod(t + 1, t^2 + 3), 0, 4], 2], [2, -3, [1, 0, 0, 0], 2]]
[16, 15, 0, 0, [6, -6, [1, Mod(t + 1, t^2 + 3), 0, 4], 4], [2, -3, [1, 0, 0, 0], 2]]
